98 0
199 0
299 0
402 0
507 0
613 0
721 0
831 0
941 0
1054 0
1168 0
1284 0
1399 0
1517 0
1637 0
1758 0
1881 0
2006 0
2131 0
2259 0
2388 0
2519 0
2649 0
2782 0
2917 0
3053 0
3191 0
3331 0
3471 0
3614 0
3758 0
3904 0
4049 0
4198 0
4298 0
4399 0
4505 0
4613 0
4725 0
4840 0
4956 0
5077 0
5200 0
5327 0
5457 0
5588 0
5724 0
5862 0
6004 0
6149 0
6246 0
6346 0
6451 0
6559 0
6672 0
6769 0
6873 0
6993 0
7116 0
7244 0
7351 0
7467 0
7602 0
7740 0
7883 0
7990 0
8110 0
8223 0
8347 0
8478 0
8605 0
8739 0
8875 0
9014 0
9123 0
9265 0
9364 0
9475 0
9618 0
9739 0
9837 0
9940 0
